20151009
20151011
20160230
20170110
20170114
20170119
20170229
20170230
20170304
20170318
20170406
20170407
20170428
20170521
20170611
20170704
20170712
20170817
20170818
20170901
20171019
20171021
20171112
20171113
20171204
20171218
20171222
20171226
20180105
20180202
20180229
20180230
20180503
20180512
20180620
20180910
20180929
20181112
20181201
20181202
20181203
20181204
20181205
20181206
20181207
20181208
20181209
20181210
20181211
20181212
20181213
20181214
20181215
20181216
20181217
20181218
20181219
20181220
20181221
20181222
20181223
20181224
20181225
20181226
20181227
20181228
20181229
20181230
20181231
